#
# Generated by PyRED version JUL-2025
#     http://q4md-forcefieldtools.org
#
Mulliken atomic charge values (QM program):
Conformation 1
                 Orient-1   Orient-2      MIN        MAX   
   1    8 C1    -0.289137  -0.289137  -0.289137  -0.289137
   2   34 H11    0.182805   0.182805   0.182805   0.182805
   3   35 H1     0.174748   0.174748   0.174748   0.174748
   4   37 H13    0.138408   0.138408   0.138408   0.138408
   5    1 N     -0.713620  -0.713620  -0.713620  -0.713620
   6   30 H2     0.363998   0.363998   0.363998   0.363998
   7    2 CA    -0.076550  -0.076550  -0.076550  -0.076550
   8   27 HA     0.216468   0.216468   0.216468   0.216468
   9    3 C      0.525319   0.525319   0.525319   0.525319
  10    4 O     -0.528783  -0.528783  -0.528783  -0.528783
  11   10 C2    -0.593216  -0.593216  -0.593216  -0.593216
  12   42 H21    0.214583   0.214583   0.214583   0.214583
  13   43 H22    0.204581   0.204581   0.204581   0.204581
  14   44 H23    0.190069   0.190069   0.190069   0.190069
  15    5 CB    -0.493345  -0.493345  -0.493345  -0.493345
  16   28 HB1    0.230030   0.230030   0.230030   0.230030
  17   29 HB2    0.217069   0.217069   0.217069   0.217069
  18    6 SG     0.254477   0.254477   0.254477   0.254477
  19    7 C01   -0.141398  -0.141398  -0.141398  -0.141398
  20   31 H01    0.282353   0.282353   0.282353   0.282353
  21    9 C02   -0.232700  -0.232700  -0.232700  -0.232700
  22   32 H02    0.238072   0.238072   0.238072   0.238072
  23   11 C03   -0.142566  -0.142566  -0.142566  -0.142566
  24   12 C04   -0.120504  -0.120504  -0.120504  -0.120504
  25   13 C05   -0.164137  -0.164137  -0.164137  -0.164137
  26   33 H05    0.290240   0.290240   0.290240   0.290240
  27   14 C06    0.145578   0.145578   0.145578   0.145578
  28   15 N07    0.521349   0.521349   0.521349   0.521349
  29   16 O08   -0.470741  -0.470741  -0.470741  -0.470741
  30   17 O09   -0.464731  -0.464731  -0.464731  -0.464731
  31   18 C10    0.793674   0.793674   0.793674   0.793674
  32   19 O11   -0.570894  -0.570894  -0.570894  -0.570894
  33   20 N12   -0.916251  -0.916251  -0.916251  -0.916251
  34   36 H12    0.408062   0.408062   0.408062   0.408062
  35   21 C13    0.418191   0.418191   0.418191   0.418191
  36   22 C14   -0.321082  -0.321082  -0.321082  -0.321082
  37   38 H14    0.207478   0.207478   0.207478   0.207478
  38   23 C15    0.077904   0.077904   0.077904   0.077904
  39   39 H15    0.207010   0.207010   0.207010   0.207010
  40   24 N16   -0.530046  -0.530046  -0.530046  -0.530046
  41   25 C17    0.073770   0.073770   0.073770   0.073770
  42   40 H17    0.207901   0.207901   0.207901   0.207901
  43   26 C18   -0.290913  -0.290913  -0.290913  -0.290913
  44   41 H18    0.276478   0.276478   0.276478   0.276478

Lowdin atomic charge values (QM program):
Conformation 1
                 Orient-1   Orient-2      MIN        MAX   
   1    8 C1    -0.336976  -0.339207  -0.339207  -0.336976
   2   34 H11    0.160260   0.160287   0.160260   0.160287
   3   35 H1     0.149316   0.152174   0.149316   0.152174
   4   37 H13    0.123733   0.123354   0.123354   0.123733
   5    1 N     -0.408523  -0.411864  -0.411864  -0.408523
   6   30 H2     0.273492   0.276285   0.273492   0.276285
   7    2 CA    -0.083780  -0.085920  -0.085920  -0.083780
   8   27 HA     0.173223   0.174444   0.173223   0.174444
   9    3 C      0.207067   0.208846   0.207067   0.208846
  10    4 O     -0.294678  -0.295330  -0.295330  -0.294678
  11   10 C2    -0.476473  -0.478990  -0.478990  -0.476473
  12   42 H21    0.180868   0.180839   0.180839   0.180868
  13   43 H22    0.177769   0.177608   0.177608   0.177769
  14   44 H23    0.168244   0.170510   0.168244   0.170510
  15    5 CB    -0.383396  -0.383691  -0.383691  -0.383396
  16   28 HB1    0.181635   0.181963   0.181635   0.181963
  17   29 HB2    0.170759   0.171778   0.170759   0.171778
  18    6 SG     0.183104   0.181151   0.181151   0.183104
  19    7 C01   -0.104099  -0.102030  -0.104099  -0.102030
  20   31 H01    0.205813   0.205118   0.205118   0.205813
  21    9 C02   -0.178707  -0.175725  -0.178707  -0.175725
  22   32 H02    0.183889   0.181527   0.181527   0.183889
  23   11 C03   -0.070836  -0.070908  -0.070908  -0.070836
  24   12 C04   -0.065466  -0.065617  -0.065617  -0.065466
  25   13 C05   -0.121703  -0.117862  -0.121703  -0.117862
  26   33 H05    0.205851   0.203353   0.203353   0.205851
  27   14 C06   -0.018892  -0.020696  -0.020696  -0.018892
  28   15 N07    0.383745   0.379315   0.379315   0.383745
  29   16 O08   -0.293752  -0.290849  -0.293752  -0.290849
  30   17 O09   -0.288643  -0.287722  -0.288643  -0.287722
  31   18 C10    0.257353   0.260360   0.257353   0.260360
  32   19 O11   -0.319167  -0.319723  -0.319723  -0.319167
  33   20 N12   -0.296983  -0.297250  -0.297250  -0.296983
  34   36 H12    0.309529   0.309071   0.309071   0.309529
  35   21 C13    0.122182   0.120737   0.120737   0.122182
  36   22 C14   -0.244220  -0.243771  -0.244220  -0.243771
  37   38 H14    0.170137   0.169228   0.169228   0.170137
  38   23 C15   -0.052586  -0.051884  -0.052586  -0.051884
  39   39 H15    0.168495   0.167817   0.167817   0.168495
  40   24 N16   -0.203566  -0.203230  -0.203566  -0.203230
  41   25 C17   -0.051895  -0.051120  -0.051895  -0.051120
  42   40 H17    0.169551   0.168329   0.168329   0.169551
  43   26 C18   -0.233526  -0.232159  -0.233526  -0.232159
  44   41 H18    0.201852   0.201455   0.201455   0.201852

ESP charge values (QM program):
Conformation 1
                 Orient-1   Orient-2      MIN        MAX     AVERAGE  
   1    8 C1    -0.195300  -0.180400  -0.195300  -0.180400  -0.187850
   2   34 H11    0.113900   0.111200   0.111200   0.113900   0.112550
   3   35 H1     0.122700   0.121100   0.121100   0.122700   0.121900
   4   37 H13    0.055800   0.052500   0.052500   0.055800   0.054150
   5    1 N     -0.668100  -0.659800  -0.668100  -0.659800  -0.663950
   6   30 H2     0.398800   0.407300   0.398800   0.407300   0.403050
   7    2 CA     0.390500   0.263100   0.263100   0.390500   0.326800
   8   27 HA     0.022900   0.051700   0.022900   0.051700   0.037300
   9    3 C      0.605000   0.653000   0.605000   0.653000   0.629000
  10    4 O     -0.563500  -0.569400  -0.569400  -0.563500  -0.566450
  11   10 C2    -0.432500  -0.444900  -0.444900  -0.432500  -0.438700
  12   42 H21    0.132300   0.130900   0.130900   0.132300   0.131600
  13   43 H22    0.117700   0.120600   0.117700   0.120600   0.119150
  14   44 H23    0.121700   0.126300   0.121700   0.126300   0.124000
  15    5 CB    -0.354200  -0.281400  -0.354200  -0.281400  -0.317800
  16   28 HB1    0.129800   0.115200   0.115200   0.129800   0.122500
  17   29 HB2    0.167100   0.161100   0.161100   0.167100   0.164100
  18    6 SG    -0.331400  -0.348600  -0.348600  -0.331400  -0.340000
  19    7 C01   -0.149200  -0.175400  -0.175400  -0.149200  -0.162300
  20   31 H01    0.190100   0.198600   0.190100   0.198600   0.194350
  21    9 C02   -0.234000  -0.208200  -0.234000  -0.208200  -0.221100
  22   32 H02    0.176600   0.167100   0.167100   0.176600   0.171850
  23   11 C03    0.402800   0.401000   0.401000   0.402800   0.401900
  24   12 C04   -0.286500  -0.299400  -0.299400  -0.286500  -0.292950
  25   13 C05   -0.121300  -0.133100  -0.133100  -0.121300  -0.127200
  26   33 H05    0.173100   0.175000   0.173100   0.175000   0.174050
  27   14 C06    0.008900   0.030000   0.008900   0.030000   0.019450
  28   15 N07    0.779800   0.771500   0.771500   0.779800   0.775650
  29   16 O08   -0.462200  -0.459300  -0.462200  -0.459300  -0.460750
  30   17 O09   -0.456200  -0.456100  -0.456200  -0.456100  -0.456150
  31   18 C10    0.857600   0.888700   0.857600   0.888700   0.873150
  32   19 O11   -0.540300  -0.545100  -0.545100  -0.540300  -0.542700
  33   20 N12   -0.833000  -0.865200  -0.865200  -0.833000  -0.849100
  34   36 H12    0.378200   0.389400   0.378200   0.389400   0.383800
  35   21 C13    0.912000   0.923100   0.912000   0.923100   0.917550
  36   22 C14   -0.822000  -0.827700  -0.827700  -0.822000  -0.824850
  37   38 H14    0.253000   0.254300   0.253000   0.254300   0.253650
  38   23 C15    0.562000   0.560500   0.560500   0.562000   0.561250
  39   39 H15    0.039100   0.040000   0.039100   0.040000   0.039550
  40   24 N16   -0.742200  -0.737800  -0.742200  -0.737800  -0.740000
  41   25 C17    0.527000   0.513700   0.513700   0.527000   0.520350
  42   40 H17    0.047400   0.050400   0.047400   0.050400   0.048900
  43   26 C18   -0.763500  -0.753300  -0.763500  -0.753300  -0.758400
  44   41 H18    0.270000   0.267800   0.267800   0.270000   0.268900

